bin_edge <- 
c(0, 1, 10, 100, 1000, 1002)
max_mice_C <- 30
N_bin <- 5
N_C <- 12
N_mice_C <- 
c(10, 10, 10, 30, 10, 10, 30, 10, 10, 23, 5, 5)
N_mice_T <- 5
N_ooc <- 45
N_T <- 12
ooc_count_C <- 
structure(c(0, 0, 14, 1, 0, 0, 4, 0, 0, 49, 0, 2, 0, 0, 0, 10, 55, 30, 0, 0, 14, 34, 0, 0, 0, 0, 0, 0, 3, 0, 1, 0, 0, 45, 0, 2, 16, 0,
53, 55, 11, 2, 0, 0, 23, 0, 0, 0, 0, 0, 0, 0, 0, 3, 0, 0, 0, 0, 231, 1, 0, 0, 0, 0, 0, 36, 0, 0, 0, 0, 203, 0, 0, 0, 0, 0, 0, 0, 0, 0,
0, 0, 0, 0, 0, 0, 0, 22, 0, 1, 0, 0, 0, 0, 3, 0, 0, 0, 0, 0, 0, 0, 0, 0, 0, 0, 61, 29, 0, 12, 0, 0, 0, 0, 34, 0, 0, 0, 0, 0, 0, 0, 0,
0, 0, 0, 6, 3, 0, 0, 0, 2, 0, 0, 0, 0, 0, 0, 8, 0, 143, 46, 0, 0, 92, 2, 0, 2, 0, 19, 0, 1, 14, 10, 0, 0, 0, 0, 166, 0, 16, 15, 0, 0,
0, 0, 0, 10, 0, 0, 0, 3, 0, 0, 0, 0, 122, 0, 0, 0, 0, 0, 0, 0, 0, 56, 0, 0, 0, 0, 0, 0, 23, 0, 0, 0, 31, 119, 0, 0, 116, 0, 0, 1, 1, 0,
128, 0, 0, 0, 0, 0, 71, 0, 0, 124, 0, 0, 0, 0, 0, 0, 0, 0, 0, 0, 0, 6, 0, 0, 78, 0, 0, 89, 0, 0, 0, 0, 0, 0, 16, 22, 0, 87, 0, 0, 7, 4,
0, 0, 1, 0, 78, 0, 0, 63, 0, 0, 0, 5, 0, 0, 0, 0, 48, 0, 0, 0, 86, 186, 0, 28, 26, 0, 104, 0, 0, 0, 26, 7, 9, 12, 0, 15, 0, 18, 0, 0,
0, 33, 26, 22, 0, 29, 39, 0, 163, 10, 124, 128, 0, 0, 0, 11, 6, 0, 0, 0, 0, 0, 0, 0, 49, 0, 0, 0, 38, 19, 0, 0, 0, 0, 0, 56, 0, 3, 74,
0, 0, 0, 0, 287, 14, 8, 0, 0, 0, 1, 0, 0, 0, 0, 0, 0, 0, 2, 0, 3, 1, 0, 3, 0, 0, 5, 0, 0, 3, 0, 0, 7, 42, 0, 0, 12, 0, 1, 15, 2, 4, 0,
14, 0, 4, 0, 0, 0, 0, 5, 0, 0, 0, 0, 0, 2, 15, 0, 0, 0, 0, 0, 0, 0, 0, 0, 0, 10, 0, 0, 0, 0, 18, 47, 0, 0, 185, 10, 7, 56, 120, 112,
17, 65, 0, 26, 0, 0, 46, 0, 32, 38, 0, 169, 0, 28, 5, 60, 42, 29, 2, 0, 29, 1, 78, 0, 17, 50, 4, 6, 80, 85, 0, 0, 0, 113, 40, 63, 0,
76, 43, 39, 0, 0, 0, 0, 0, 33, 0, 0, 0, 0, 4, 0, 0, 0, 0, 0, 0, 5, 0, 35, 85, 0, 15, 0, 63, 0, 0, 0, 0, 0, 0, 0, 0, 0, 0, 0, 0, 67, 0,
31, 0, 0, 0, 0, 0, 0, 0, 0, 0, 0, 0, 0, 0, 0, 0, 0, 0, 0, 0, 0, 0, 0, 0, 0, 0, 0, 0, 0, 0, 0, 0, 0, 0, 0, 0, 0, 0, 0, 0, 0, 0, 0, 0, 0,
0, 0, 0, 0, 0, 0),
.Dim = c(45, 12))
ooc_count_T <- 
structure(c(0, 0, 10, 0, 42, 0, 0, 5, 0, 0, 0, 0, 0, 0, 0, 0, 0, 0, 0, 2, 0, 4, 0, 0, 0, 0, 0, 0, 0, 0, 0, 0, 1, 0, 0, 0, 0, 0, 0, 0,
0, 1, 7, 0, 0, 0, 0, 0, 0, 0, 0, 0, 0, 2, 0, 0, 0, 0, 0, 1, 0, 0, 0, 0, 0, 0, 0, 0, 0, 0, 0, 2, 0, 0, 0, 0, 0, 0, 1, 0, 0, 0, 0, 0, 0,
0, 0, 0, 0, 0, 0, 0, 0, 0, 0, 0, 0, 0, 0, 0, 0, 0, 0, 0, 0, 0, 0, 0, 0, 0, 0, 0, 0, 0, 0, 0, 0, 0, 0, 0, 0, 0, 0, 0, 0, 0, 0, 0, 0, 0,
0, 0, 0, 0, 0, 28, 0, 0, 0, 12, 23, 58, 0, 0, 0, 3, 0, 70, 29, 4, 54, 33, 0, 3, 32, 5, 20, 22, 34, 9, 51, 0, 0, 52, 25, 4, 0, 21, 13,
48, 25, 0, 0, 69, 29, 41, 6, 3, 10, 4, 18, 4, 49, 20, 30, 17, 0, 99, 10, 76, 0, 79, 11, 49, 17, 0, 0, 49, 56, 27, 0, 0, 51, 25, 23, 24,
46, 0, 76, 49, 0, 43, 37, 39, 24, 14, 44, 33, 66, 34, 61, 0, 42, 2, 6, 0, 0, 124, 0, 139, 22, 0, 55, 0, 50, 0, 0, 0, 11, 0, 6, 0, 0, 0,
0, 0, 2, 0, 0, 0, 20, 37, 11, 24, 0, 65, 0, 5, 0, 18, 13, 0, 2, 0, 0, 23, 47, 0, 0, 0, 0, 0, 0, 11, 14, 4, 29, 0, 0, 21, 0, 0, 1, 0, 0,
2, 0, 1, 26, 11, 7, 5, 4, 0, 0, 0, 0, 0, 49, 0, 0, 28, 1, 0, 0, 3, 5, 0, 22, 0, 0, 0, 0, 3, 7, 63, 59, 75, 113, 11, 0, 23, 90, 66, 43,
39, 2, 12, 37, 37, 20, 75, 27, 9, 26, 20, 10, 63, 84, 18, 69, 0, 11, 14, 60, 5, 29, 58, 62, 45, 23, 2, 20, 22, 16, 38, 81, 39, 15, 20,
0, 26, 0, 102, 54, 5, 1, 2, 0, 4, 59, 41, 15, 0, 42, 0, 61, 4, 65, 46, 49, 0, 34, 4, 4, 5, 0, 70, 0, 14, 5, 57, 0, 33, 22, 0, 17, 7, 0,
6, 30, 0, 11, 0, 83, 4, 9, 68, 0, 16, 4, 103, 0, 0, 63, 0, 83, 0, 61, 5, 56, 21, 34, 60, 3, 0, 4, 0, 0, 93, 36, 69, 0, 13, 34, 0, 70,
54, 23, 24, 23, 66, 5, 4, 0, 135, 0, 41, 0, 1, 78, 5, 0, 71, 0, 28, 65, 21, 100, 109, 4, 83, 4, 87, 90, 6, 21, 5, 0, 36, 3, 5, 76, 58,
0, 66, 0, 17, 42, 0, 0, 41, 116, 0, 91, 13, 82, 43, 105, 0, 57, 4, 30, 36, 57, 16, 0, 62, 38, 3, 0, 14, 36, 0, 107, 0, 0, 0, 0, 89, 5,
3, 27, 3, 45, 16, 40, 0, 4, 5, 1, 0, 0, 0, 74, 0, 0, 0, 49, 0, 13, 0, 5, 0, 0, 31, 9, 111, 180, 9),
.Dim = c(45, 12))
parasitemia_C <- 
structure(c(0, 0, 0, 0, 0, 0, 395, 0, 0, 271, 695, 0, 0, 0, 0, 435, 0, 0, 798, 0, 0, 481, 379, 1075, 0, 0, 553, 0, 431, 49, 0, 317, 0,
278, 0, 0, 478, 0, 0, 0, 0, 1254, 288, 0, 916, 648, 655, 0, 0, 0, 0, 0, 0, 0, 1077, 1083, 0, 1403, 0, 0, 0, 0, 0, 0, 44, 117, 1564, 0,
95, 1600, 0, 0, 0, 0, 928, 313, 36, 0, 0, 251, 126, 1280, 0, 0, 272, 347, 56, 0, 0, 0, 19, 658, 214, 1006, 0, 0, 366, 15, 0, 186, 722,
146, 585, 231, 0, 927, 0, 0, 0, 0, 87, 0, 0, 1609, 439, 229, 2480, 1451, 0, 0, 0, 0, 0, 797, 0, 0, 604, 0, 0, 1846, 0, 0, 0, 0, 0, 0,
0, 0, 1019, 0, 0, 742, 0, 0, 0, 0, 0, 0, 0, 0, 0, 0, 0, 911, 0, 0, 0, 0, 0, 641, 0, 0, 1606, 0, 0, 305, 0, 0, 0, 0, 0, 0, 0, 0, 804, 0,
0, 2705, 0, 0, 0, 0, 0, 0, 0, 0, 993, 0, 0, 3466, 0, 0, 0, 0, 0, 0, 0, 0, 0, 0, 0, 835, 0, 0, 0, 0, 0, 0, 0, 0, 0, 0, 0, 750, 0, 0, 0,
0, 0, 0, 0, 0, 863, 0, 0, 1047, 0, 0, 0, 0, 0, 0, 0, 0, 850, 0, 0, 730, 0, 0, 0, 0, 0, 1040, 0, 0, 345, 0, 0, 1517, 0, 0, 0, 0, 0,
1051, 0, 0, 2759, 0, 0, 1646, 0, 0, 0, 0, 0, 835, 0, 0, 3739, 0, 0, 895, 0, 0, 0, 0, 0, 0, 0, 0, 1150, 0, 0, 0, 0, 0, 0, 0, 0, 792, 0,
0, 500, 0, 0, 0, 0, 0, 0, 0, 0, 0, 0, 0, 893, 0, 0, 0, 0, 0, 0, 0, 0, 0, 0, 0, 1294, 0, 0, 0, 0, 0, 0, 0, 0, 1310, 0, 0, 809, 0, 0, 0,
0, 0, 0, 0, 0, 0, 0, 0, 1111, 0, 0, 0, 0, 0, 0, 0, 0, 0, 0, 0, 602, 0, 0, 0, 0, 0),
.Dim = c(12, 30))
parasitemia_T <- 
structure(c(0, 0, 0, 813, 1257, 616, 897, 1469, 1454, 610, 597, 1213, 1015, 0, 0, 848, 2319, 881, 1340, 1098, 1709, 1010, 1886, 959,
1412, 0, 0, 904, 954, 974, 1259, 1927, 1115, 972, 1570, 1162, 0, 0, 0, 616, 938, 539, 0, 602, 572, 1224, 777, 885, 0, 0, 140, 917, 977,
1200, 1054, 608, 523, 962, 1409, 760),
.Dim = c(12, 5))
sporo_count_C <- 
structure(c(5, 8, 8, 34, 14, 13, 71, 25, 30, 125, 22, 46, 4, 1, 1, 12, 1, 1, 19, 4, 5, 25, 3, 4, 4, 0, 0, 5, 1, 1, 32, 10, 6, 43, 8, 2,
3, 0, 0, 7, 1, 2, 18, 7, 7, 25, 9, 1, 2, 1, 1, 2, 3, 3, 14, 4, 6, 16, 8, 1),
.Dim = c(12, 5))
sporo_count_T <- 
structure(c(3, 5, 5, 3, 1, 5, 13, 8, 7, 24, 17, 21, 0, 0, 0, 1, 2, 1, 2, 1, 3, 2, 6, 8, 1, 0, 0, 1, 1, 2, 9, 8, 3, 12, 17, 8, 1, 0, 0,
4, 4, 2, 1, 4, 9, 5, 9, 7, 0, 0, 0, 1, 2, 0, 0, 4, 3, 7, 5, 6),
.Dim = c(12, 5))
