bin_edge <- 
c(0, 1, 10, 100, 1000, 1002)
max_mice_C <- 30
N_bin <- 5
N_C <- 12
N_mice_C <- 
c(10, 10, 10, 30, 10, 10, 30, 10, 10, 23, 5, 5)
N_mice_T <- 5
N_ooc <- 45
N_T <- 12
ooc_count_C <- 
structure(c(0, 0, 14, 1, 0, 0, 4, 0, 0, 49, 0, 2, 0, 0, 0, 10, 55, 30, 0, 0, 14, 34, 0, 0, 0, 0, 0, 0, 3, 0, 1, 0, 0, 45, 0, 2, 16, 0,
53, 55, 11, 2, 0, 0, 23, 0, 0, 0, 0, 0, 0, 0, 0, 3, 0, 0, 0, 0, 231, 1, 0, 0, 0, 0, 0, 36, 0, 0, 0, 0, 203, 0, 0, 0, 0, 0, 0, 0, 0, 0,
0, 0, 0, 0, 0, 0, 0, 22, 0, 1, 0, 0, 0, 0, 3, 0, 0, 0, 0, 0, 0, 0, 0, 0, 0, 0, 61, 29, 0, 12, 0, 0, 0, 0, 34, 0, 0, 0, 0, 0, 0, 0, 0,
0, 0, 0, 6, 3, 0, 0, 0, 2, 0, 0, 0, 0, 0, 0, 8, 0, 143, 46, 0, 0, 92, 2, 0, 2, 0, 19, 0, 1, 14, 10, 0, 0, 0, 0, 166, 0, 16, 15, 0, 0,
0, 0, 0, 10, 0, 0, 0, 3, 0, 0, 0, 0, 122, 0, 0, 0, 0, 0, 0, 0, 0, 56, 0, 0, 0, 0, 0, 0, 23, 0, 0, 0, 31, 119, 0, 0, 116, 0, 0, 1, 1, 0,
128, 0, 0, 0, 0, 0, 71, 0, 0, 124, 0, 0, 0, 0, 0, 0, 0, 0, 0, 0, 0, 6, 0, 0, 78, 0, 0, 89, 0, 0, 0, 0, 0, 0, 16, 22, 0, 87, 0, 0, 7, 4,
0, 0, 1, 0, 78, 0, 0, 63, 0, 0, 0, 5, 0, 0, 0, 0, 48, 0, 0, 0, 86, 186, 0, 28, 26, 0, 104, 0, 0, 0, 26, 7, 9, 12, 0, 15, 0, 18, 0, 0,
0, 33, 26, 22, 0, 29, 39, 0, 163, 10, 124, 128, 0, 0, 0, 11, 6, 0, 0, 0, 0, 0, 0, 0, 49, 0, 0, 0, 38, 19, 0, 0, 0, 0, 0, 56, 0, 3, 74,
0, 0, 0, 0, 287, 14, 8, 0, 0, 0, 1, 0, 0, 0, 0, 0, 0, 0, 2, 0, 3, 1, 0, 3, 0, 0, 5, 0, 0, 3, 0, 0, 7, 42, 0, 0, 12, 0, 1, 15, 2, 4, 0,
14, 0, 4, 0, 0, 0, 0, 5, 0, 0, 0, 0, 0, 2, 15, 0, 0, 0, 0, 0, 0, 0, 0, 0, 0, 10, 0, 0, 0, 0, 18, 47, 0, 0, 185, 10, 7, 56, 120, 112,
17, 65, 0, 26, 0, 0, 46, 0, 32, 38, 0, 169, 0, 28, 5, 60, 42, 29, 2, 0, 29, 1, 78, 0, 17, 50, 4, 6, 80, 85, 0, 0, 0, 113, 40, 63, 0,
76, 43, 39, 0, 0, 0, 0, 0, 33, 0, 0, 0, 0, 4, 0, 0, 0, 0, 0, 0, 5, 0, 35, 85, 0, 15, 0, 63, 0, 0, 0, 0, 0, 0, 0, 0, 0, 0, 0, 0, 67, 0,
31, 0, 0, 0, 0, 0, 0, 0, 0, 0, 0, 0, 0, 0, 0, 0, 0, 0, 0, 0, 0, 0, 0, 0, 0, 0, 0, 0, 0, 0, 0, 0, 0, 0, 0, 0, 0, 0, 0, 0, 0, 0, 0, 0, 0,
0, 0, 0, 0, 0, 0),
.Dim = c(45, 12))
ooc_count_T <- 
structure(c(0, 0, 22, 0, 0, 0, 0, 3, 0, 2, 0, 27, 19, 0, 0, 3, 0, 0, 0, 0, 0, 0, 0, 6, 5, 0, 10, 0, 0, 0, 17, 9, 1, 0, 0, 0, 2, 0, 0,
3, 0, 2, 0, 0, 0, 0, 0, 0, 0, 0, 0, 0, 0, 0, 0, 0, 0, 0, 0, 0, 0, 0, 0, 0, 0, 0, 28, 0, 43, 0, 0, 0, 0, 0, 0, 0, 1, 0, 0, 0, 0, 0, 0,
0, 3, 0, 0, 0, 0, 0, 0, 0, 0, 0, 0, 0, 0, 0, 0, 0, 0, 0, 0, 0, 0, 0, 0, 0, 0, 0, 0, 0, 0, 0, 0, 0, 0, 0, 0, 0, 0, 0, 0, 0, 0, 0, 0, 0,
0, 0, 0, 0, 0, 0, 0, 0, 0, 0, 0, 13, 0, 37, 0, 14, 0, 13, 0, 0, 0, 81, 2, 1, 33, 0, 1, 7, 24, 0, 12, 10, 0, 0, 9, 9, 0, 0, 0, 21, 2, 0,
56, 0, 27, 46, 12, 0, 0, 0, 31, 0, 0, 0, 0, 0, 1, 0, 0, 0, 0, 2, 0, 0, 3, 0, 0, 0, 0, 0, 0, 0, 0, 0, 2, 6, 0, 0, 0, 0, 3, 0, 0, 38, 0,
0, 0, 0, 0, 0, 10, 0, 0, 0, 0, 0, 0, 0, 0, 0, 0, 0, 0, 0, 0, 0, 0, 0, 0, 0, 0, 0, 0, 0, 0, 0, 0, 0, 0, 0, 0, 16, 0, 0, 0, 30, 0, 0, 0,
0, 0, 0, 0, 0, 0, 0, 0, 0, 0, 0, 0, 0, 49, 0, 0, 12, 0, 2, 0, 2, 0, 11, 4, 3, 14, 2, 0, 0, 5, 3, 0, 0, 40, 49, 7, 0, 55, 26, 0, 32, 59,
0, 12, 0, 0, 4, 0, 0, 0, 0, 0, 9, 60, 0, 6, 0, 0, 34, 0, 0, 0, 2, 8, 18, 0, 0, 0, 0, 0, 6, 14, 0, 0, 0, 2, 0, 4, 12, 2, 0, 27, 14, 0,
0, 9, 3, 0, 2, 0, 2, 0, 0, 0, 0, 0, 0, 0, 0, 0, 0, 12, 0, 0, 0, 67, 0, 0, 0, 0, 0, 0, 0, 0, 0, 0, 0, 0, 0, 1, 0, 0, 0, 0, 0, 0, 2, 14,
0, 58, 0, 0, 0, 0, 13, 0, 0, 0, 0, 0, 5, 0, 0, 0, 0, 0, 1, 0, 19, 0, 0, 17, 12, 23, 25, 40, 59, 0, 0, 117, 9, 69, 20, 77, 0, 10, 102,
4, 8, 8, 11, 2, 0, 2, 17, 43, 12, 0, 16, 8, 14, 33, 11, 0, 38, 0, 142, 55, 0, 31, 31, 6, 0, 0, 6, 3, 0, 44, 28, 0, 0, 0, 12, 3, 9, 3,
5, 0, 3, 14, 0, 3, 12, 0, 8, 17, 0, 18, 3, 50, 4, 0, 21, 0, 0, 0, 0, 0, 10, 0, 1, 12, 2, 0, 11, 0, 0, 2, 0, 0, 0, 0, 28, 0, 0, 2, 0,
11, 0, 0, 0, 0, 0, 0, 0, 3, 0, 0, 0, 0, 0, 0, 4, 0, 0, 0, 0, 0, 4, 0, 16, 0, 0, 6, 5, 0, 0, 3, 9, 4, 0, 0, 0),
.Dim = c(45, 12))
parasitemia_C <- 
structure(c(0, 0, 0, 0, 0, 0, 395, 0, 0, 271, 695, 0, 0, 0, 0, 435, 0, 0, 798, 0, 0, 481, 379, 1075, 0, 0, 553, 0, 431, 49, 0, 317, 0,
278, 0, 0, 478, 0, 0, 0, 0, 1254, 288, 0, 916, 648, 655, 0, 0, 0, 0, 0, 0, 0, 1077, 1083, 0, 1403, 0, 0, 0, 0, 0, 0, 44, 117, 1564, 0,
95, 1600, 0, 0, 0, 0, 928, 313, 36, 0, 0, 251, 126, 1280, 0, 0, 272, 347, 56, 0, 0, 0, 19, 658, 214, 1006, 0, 0, 366, 15, 0, 186, 722,
146, 585, 231, 0, 927, 0, 0, 0, 0, 87, 0, 0, 1609, 439, 229, 2480, 1451, 0, 0, 0, 0, 0, 797, 0, 0, 604, 0, 0, 1846, 0, 0, 0, 0, 0, 0,
0, 0, 1019, 0, 0, 742, 0, 0, 0, 0, 0, 0, 0, 0, 0, 0, 0, 911, 0, 0, 0, 0, 0, 641, 0, 0, 1606, 0, 0, 305, 0, 0, 0, 0, 0, 0, 0, 0, 804, 0,
0, 2705, 0, 0, 0, 0, 0, 0, 0, 0, 993, 0, 0, 3466, 0, 0, 0, 0, 0, 0, 0, 0, 0, 0, 0, 835, 0, 0, 0, 0, 0, 0, 0, 0, 0, 0, 0, 750, 0, 0, 0,
0, 0, 0, 0, 0, 863, 0, 0, 1047, 0, 0, 0, 0, 0, 0, 0, 0, 850, 0, 0, 730, 0, 0, 0, 0, 0, 1040, 0, 0, 345, 0, 0, 1517, 0, 0, 0, 0, 0,
1051, 0, 0, 2759, 0, 0, 1646, 0, 0, 0, 0, 0, 835, 0, 0, 3739, 0, 0, 895, 0, 0, 0, 0, 0, 0, 0, 0, 1150, 0, 0, 0, 0, 0, 0, 0, 0, 792, 0,
0, 500, 0, 0, 0, 0, 0, 0, 0, 0, 0, 0, 0, 893, 0, 0, 0, 0, 0, 0, 0, 0, 0, 0, 0, 1294, 0, 0, 0, 0, 0, 0, 0, 0, 1310, 0, 0, 809, 0, 0, 0,
0, 0, 0, 0, 0, 0, 0, 0, 1111, 0, 0, 0, 0, 0, 0, 0, 0, 0, 0, 0, 602, 0, 0, 0, 0, 0),
.Dim = c(12, 30))
parasitemia_T <- 
structure(c(1655, 0, 0, 551, 543, 0, 714, 452, 627, 1663, 841, 0, 411, 0, 0, 571, 570, 0, 948, 0, 0, 1059, 736, 0, 694, 0, 0, 1669, 0,
0, 796, 468, 0, 1235, 527, 0, 501, 747, 0, 356, 0, 686, 1024, 0, 0, 1600, 304, 675, 0, 697, 0, 1127, 572, 0, 588, 1037, 0, 1879, 705,
557),
.Dim = c(12, 5))
sporo_count_C <- 
structure(c(5, 8, 8, 34, 14, 13, 71, 25, 30, 125, 22, 46, 4, 1, 1, 12, 1, 1, 19, 4, 5, 25, 3, 4, 4, 0, 0, 5, 1, 1, 32, 10, 6, 43, 8, 2,
3, 0, 0, 7, 1, 2, 18, 7, 7, 25, 9, 1, 2, 1, 1, 2, 3, 3, 14, 4, 6, 16, 8, 1),
.Dim = c(12, 5))
sporo_count_T <- 
structure(c(3, 4, 5, 5, 8, 8, 11, 18, 18, 26, 37, 34, 1, 1, 0, 3, 1, 1, 5, 1, 2, 11, 3, 2, 1, 0, 0, 3, 0, 0, 6, 3, 3, 8, 4, 6, 0, 0, 0,
2, 1, 1, 2, 3, 2, 7, 7, 7, 0, 0, 0, 1, 0, 0, 1, 0, 0, 2, 3, 5),
.Dim = c(12, 5))
