bin_edge <- 
c(0, 1, 10, 100, 1000, 1002)
N_bin <- 5
N_C <- 16
N_mice <- 5
N_ooc <- 24
N_T <- 16
ooc_count_C <- 
structure(c(0, 0, 0, 131, 166, 143, 2, 0, 0, 0, 0, 0, 0, 2, 0, 0, 0, 3, 0, 46, 0, 43, 0, 92, 0, 128, 0, 222, 0, 0, 0, 0, 0, 0, 0, 0, 1, 0, 1, 0, 1, 0, 16, 0, 0,
2, 0, 0, 0, 0, 78, 22, 0, 163, 0, 0, 150, 86, 0, 0, 0, 103, 186, 87, 0, 0, 0, 0, 0, 143, 0, 0, 0, 18, 0, 0, 2, 6, 0, 0, 0, 0, 0, 0, 0, 0, 0, 56, 0, 0, 0, 2, 4,
75, 0, 0, 41, 0, 84, 27, 11, 68, 0, 0, 0, 1, 81, 0, 0, 42, 113, 35, 0, 2, 119, 44, 0, 127, 76, 0, 0, 0, 0, 0, 0, 0, 49, 0, 3, 0, 51, 36, 0, 0, 55, 0, 0, 0, 0, 0,
12, 0, 0, 0, 0, 0, 2, 0, 48, 0, 10, 0, 0, 0, 0, 0, 17, 24, 0, 0, 0, 0, 0, 117, 158, 6, 73, 0, 0, 24, 4, 39, 0, 49, 0, 0, 7, 122, 0, 0, 15, 7, 47, 0, 43, 26, 27,
0, 0, 38, 0, 0, 12, 59, 2, 154, 26, 0, 14, 2, 114, 176, 71, 24, 0, 67, 0, 66, 171, 42, 0, 42, 0, 2, 141, 9, 119, 196, 42, 33, 0, 0, 0, 2, 4, 0, 91, 0, 0, 47, 71,
0, 92, 0, 0, 0, 4, 123, 0, 0, 14, 3, 0, 2, 60, 147, 0, 0, 4, 12, 150, 7, 226, 0, 168, 0, 0, 99, 151, 50, 54, 42, 132, 0, 87, 0, 0, 2, 0, 4, 0, 4, 0, 0, 0, 0, 2,
0, 1, 113, 0, 0, 0, 2, 0, 0, 0, 2, 0, 47, 128, 0, 39, 3, 18, 17, 0, 0, 11, 5, 41, 0, 0, 33, 0, 32, 0, 139, 26, 7, 0, 7, 1, 279, 0, 0, 3, 0, 3, 1, 1, 216, 1, 2, 7,
0, 165, 8, 0, 0, 5, 19, 6, 1, 3, 0, 0, 0, 12, 47, 0, 10, 114, 0, 0, 15, 0, 12, 0, 14, 88, 0, 18, 0, 0, 5, 7, 0, 14, 0, 64, 108, 0, 122, 205, 0, 10, 0, 17, 0, 69,
87, 1, 0, 0, 71, 0, 0, 0, 42, 1, 0, 0, 4),
.Dim = c(24, 16))
ooc_count_T <- 
structure(c(7, 0, 0, 0, 0, 0, 0, 0, 0, 0, 0, 0, 1, 0, 0, 0, 0, 1, 0, 0, 9, 1, 0, 0, 0, 0, 0, 0, 0, 0, 0, 0, 0, 0, 0, 0, 0, 0, 0, 0, 0, 0, 0, 0, 0, 1, 0, 0, 0, 0,
0, 0, 0, 0, 0, 0, 0, 0, 0, 0, 0, 0, 0, 0, 0, 0, 0, 0, 0, 0, 0, 0, 0, 0, 0, 0, 0, 0, 0, 0, 0, 0, 0, 0, 0, 0, 0, 0, 0, 0, 0, 0, 0, 0, 0, 0, 0, 0, 0, 27, 0, 0, 61,
0, 49, 32, 26, 0, 53, 0, 0, 0, 1, 44, 27, 13, 0, 0, 0, 0, 0, 9, 0, 0, 32, 0, 0, 0, 3, 0, 0, 0, 0, 0, 0, 8, 94, 64, 0, 0, 0, 0, 0, 35, 0, 0, 0, 0, 0, 30, 0, 0, 0,
0, 0, 82, 0, 0, 0, 0, 0, 0, 0, 0, 27, 0, 0, 0, 32, 2, 0, 65, 9, 0, 0, 0, 0, 51, 0, 0, 0, 0, 0, 74, 1, 0, 0, 0, 0, 0, 0, 0, 79, 36, 0, 30, 44, 31, 0, 49, 9, 54,
61, 0, 34, 21, 5, 0, 22, 4, 32, 52, 0, 0, 17, 0, 75, 2, 154, 0, 58, 0, 82, 0, 134, 0, 119, 90, 0, 5, 0, 163, 126, 0, 69, 43, 93, 0, 10, 38, 121, 0, 82, 0, 92, 16,
72, 0, 0, 69, 0, 22, 29, 43, 6, 0, 57, 21, 48, 0, 58, 0, 46, 91, 61, 52, 59, 82, 132, 169, 95, 67, 45, 99, 116, 0, 48, 43, 9, 53, 32, 111, 131, 0, 72, 3, 43, 115,
28, 0, 39, 3, 18, 17, 0, 0, 11, 5, 41, 0, 0, 33, 0, 32, 0, 139, 26, 7, 0, 7, 8, 0, 158, 146, 129, 162, 26, 59, 72, 0, 0, 34, 99, 4, 38, 12, 119, 149, 57, 24, 0,
42, 144, 0, 37, 32, 76, 52, 73, 0, 228, 23, 0, 47, 82, 38, 0, 0, 0, 0, 2, 51, 0, 0, 41, 249, 67, 87, 29, 0, 0, 97, 0, 0, 148, 0, 12, 0, 7, 213, 0, 0, 111, 67, 0,
4, 2, 0, 0, 0, 0, 0, 61, 2),
.Dim = c(24, 16))
prev_C <- 
structure(c(0, 1, 0, 1, 0, 1, 1, 0, 1, 0, 1, 0, 0, 1, 1, 1, 0, 0, 1, 0, 1, 1, 0, 1, 1, 0, 1, 0, 1, 0, 1, 0, 0, 1, 1, 1, 0, 1, 0, 1, 0, 1, 1, 1, 1, 1, 0, 1, 1, 1,
0, 1, 1, 1, 1, 0, 1, 1, 0, 0, 1, 0, 1, 1, 1, 0, 1, 1, 1, 1, 1, 1, 1, 0, 1, 1, 0, 1, 0, 1),
.Dim = c(5, 16))
prev_T <- 
structure(c(0, 1, 0, 1, 0, 0, 1, 0, 0, 0, 0, 0, 0, 0, 0, 0, 0, 0, 0, 0, 1, 0, 1, 1, 1, 0, 1, 1, 0, 0, 0, 0, 0, 1, 1, 1, 0, 0, 0, 1, 1, 1, 1, 1, 0, 1, 1, 1, 0, 1,
1, 1, 0, 1, 1, 1, 1, 1, 1, 1, 1, 1, 1, 1, 1, 1, 1, 1, 1, 1, 0, 1, 1, 1, 1, 1, 1, 0, 1, 1),
.Dim = c(5, 16))
s_count_C <- 
structure(c(7, 8, 5, 6, 4, 7, 7, 5, 10, 8, 8, 10, 11, 10, 10, 13, 1, 1, 1, 2, 4, 3, 2, 4, 4, 4, 4, 3, 3, 2, 4, 3, 1, 0, 1, 1, 2, 1, 3, 5, 2, 1, 3, 3, 4, 8, 2, 4,
1, 0, 1, 1, 3, 2, 1, 1, 4, 5, 1, 2, 5, 3, 4, 4, 0, 1, 2, 0, 2, 2, 2, 0, 0, 2, 4, 2, 2, 2, 5, 1),
.Dim = c(16, 5))
s_count_T <- 
structure(c(8, 9, 7, 10, 9, 10, 7, 8, 11, 10, 6, 5, 18, 9, 13, 7, 1, 1, 3, 0, 3, 3, 5, 2, 1, 1, 1, 1, 1, 5, 3, 4, 1, 0, 0, 0, 2, 0, 3, 1, 6, 3, 2, 5, 3, 6, 2, 6,
0, 0, 0, 0, 1, 2, 0, 3, 2, 6, 5, 1, 3, 1, 4, 5, 0, 0, 0, 0, 0, 0, 0, 1, 0, 0, 6, 8, 0, 4, 3, 3),
.Dim = c(16, 5))
