bin_edge <- 
c(0, 1, 10, 100, 1000, 1002)
max_mice_C <- 30
N_bin <- 5
N_C <- 12
N_mice_C <- 
c(10, 10, 10, 30, 10, 10, 30, 10, 10, 23, 5, 5)
N_mice_T <- 5
N_ooc <- 45
N_T <- 12
ooc_count_C <- 
structure(c(0, 43, 0, 0, 4, 16, 0, 0, 0, 32, 10, 45, 0, 0, 0, 1, 0, 47, 0, 0, 0, 2, 0, 23, 55, 8, 30, 0, 55, 2, 0, 0, 0, 0, 14, 0, 0,
0, 0, 0, 59, 0, 0, 0, 0, 0, 0, 0, 0, 203, 0, 1, 0, 0, 0, 0, 0, 0, 0, 0, 0, 2, 0, 184, 0, 0, 0, 272, 0, 0, 0, 1, 0, 0, 0, 0, 0, 0, 0, 0,
0, 0, 0, 0, 0, 0, 36, 0, 0, 22, 0, 0, 0, 3, 0, 0, 0, 0, 0, 0, 82, 0, 29, 0, 0, 0, 2, 6, 0, 0, 61, 0, 0, 0, 7, 93, 0, 0, 0, 0, 0, 67, 0,
0, 0, 0, 2, 0, 0, 12, 1, 53, 0, 34, 0, 0, 0, 0, 14, 0, 0, 0, 166, 0, 2, 0, 0, 0, 0, 0, 16, 0, 43, 0, 0, 0, 0, 19, 0, 0, 0, 46, 0, 0, 0,
0, 0, 0, 0, 3, 0, 10, 9, 98, 0, 0, 1, 63, 8, 3, 0, 0, 0, 0, 0, 16, 0, 0, 0, 0, 0, 0, 222, 60, 0, 0, 0, 0, 0, 56, 0, 0, 0, 0, 0, 4, 128,
0, 1, 0, 23, 0, 0, 116, 0, 0, 0, 0, 0, 0, 0, 31, 71, 0, 0, 22, 86, 0, 0, 0, 25, 16, 6, 0, 48, 17, 0, 0, 1, 0, 0, 1, 0, 193, 0, 78, 0,
0, 0, 0, 0, 0, 0, 89, 0, 0, 0, 0, 87, 0, 0, 0, 150, 0, 0, 54, 0, 0, 64, 0, 0, 0, 88, 0, 124, 1, 7, 9, 0, 22, 116, 7, 0, 0, 26, 0, 22,
15, 0, 41, 28, 11, 5, 0, 14, 0, 0, 0, 0, 0, 0, 0, 0, 7, 6, 0, 0, 0, 0, 12, 0, 0, 3, 0, 0, 0, 67, 287, 3, 4, 0, 3, 0, 0, 0, 0, 0, 0, 0,
0, 0, 3, 7, 0, 249, 0, 2, 0, 0, 0, 0, 0, 0, 4, 0, 1, 0, 0, 0, 0, 0, 1, 2, 0, 0, 4, 0, 0, 141, 165, 12, 0, 5, 0, 0, 0, 7, 0, 0, 0, 0, 0,
0, 0, 0, 0, 0, 4, 0, 0, 0, 42, 0, 0, 0, 0, 0, 0, 0, 0, 14, 0, 185, 18, 41, 4, 0, 0, 0, 0, 5, 0, 0, 0, 0, 0, 0, 113, 80, 0, 4, 26, 78,
2, 60, 74, 5, 43, 120, 42, 169, 0, 10, 0, 9, 28, 29, 11, 6, 46, 29, 0, 65, 38, 17, 17, 39, 0, 63, 26, 40, 32, 56, 0, 0, 50, 0, 1, 112,
7, 0, 0, 0, 0, 0, 0, 0, 67, 0, 0, 0, 0, 31, 0, 0, 0, 0, 15, 0, 0, 0, 0, 4, 0, 0, 0, 0, 0, 0, 35, 0, 63, 0, 0, 0, 0, 28, 0, 0, 5, 0, 0,
33, 0, 85, 0, 0, 0, 0, 0, 0, 0, 0, 0, 0, 0, 0, 0, 0, 0, 0, 0, 0, 0, 0, 0, 0, 0, 0, 0, 0, 0, 0, 0, 0, 0, 0, 0, 0, 0, 0, 0, 0, 0, 0, 0,
0, 0, 0, 0),
.Dim = c(45, 12))
ooc_count_T <- 
structure(c(0, 0, 0, 0, 0, 5, 0, 23, 9, 0, 1, 0, 0, 0, 17, 0, 0, 19, 0, 0, 0, 0, 0, 6, 0, 0, 2, 0, 0, 3, 0, 0, 2, 6, 0, 3, 0, 3, 0, 0,
0, 10, 27, 3, 0, 0, 0, 0, 0, 0, 0, 0, 0, 0, 0, 0, 0, 43, 0, 0, 0, 0, 0, 0, 0, 0, 0, 0, 0, 1, 0, 0, 0, 0, 0, 0, 0, 0, 0, 0, 0, 0, 0, 0,
0, 0, 0, 0, 0, 0, 0, 0, 0, 0, 0, 0, 0, 0, 0, 0, 0, 0, 0, 0, 0, 0, 0, 0, 0, 0, 0, 0, 0, 0, 0, 0, 0, 0, 0, 0, 0, 0, 0, 0, 0, 0, 0, 0, 0,
0, 0, 0, 0, 0, 0, 0, 0, 0, 27, 1, 0, 0, 2, 0, 0, 9, 0, 0, 13, 0, 10, 81, 2, 0, 12, 2, 33, 31, 12, 46, 0, 2, 0, 0, 24, 21, 1, 0, 0, 0,
7, 0, 4, 13, 0, 0, 0, 0, 14, 37, 0, 0, 0, 0, 38, 0, 1, 0, 0, 0, 0, 0, 0, 0, 0, 0, 0, 0, 6, 0, 0, 2, 0, 0, 0, 0, 0, 0, 0, 0, 0, 0, 0, 0,
0, 0, 3, 0, 3, 0, 0, 0, 10, 0, 17, 6, 0, 0, 0, 0, 0, 0, 0, 0, 0, 0, 0, 30, 0, 0, 0, 0, 0, 3, 0, 0, 0, 0, 16, 0, 0, 0, 0, 0, 0, 0, 0, 0,
0, 0, 0, 0, 0, 0, 0, 0, 0, 0, 0, 0, 32, 2, 0, 0, 5, 7, 4, 49, 0, 0, 55, 0, 0, 5, 2, 0, 0, 6, 0, 4, 0, 12, 0, 0, 59, 26, 40, 12, 0, 0,
2, 2, 0, 0, 0, 0, 11, 0, 0, 5, 0, 9, 7, 0, 0, 0, 3, 2, 6, 0, 0, 0, 1, 3, 27, 0, 0, 0, 0, 18, 2, 0, 0, 12, 11, 0, 14, 0, 0, 0, 4, 2, 2,
0, 0, 0, 0, 34, 0, 8, 0, 14, 0, 0, 0, 0, 0, 9, 2, 0, 0, 0, 0, 0, 0, 0, 14, 0, 5, 1, 0, 58, 0, 0, 0, 0, 0, 0, 0, 0, 0, 0, 67, 0, 0, 0,
0, 0, 0, 0, 0, 13, 0, 0, 1, 0, 0, 2, 0, 0, 0, 0, 0, 0, 0, 0, 77, 0, 0, 2, 8, 0, 113, 6, 0, 0, 40, 4, 69, 19, 142, 25, 17, 43, 31, 33,
2, 31, 17, 11, 8, 2, 0, 14, 16, 102, 10, 38, 0, 0, 11, 59, 23, 8, 0, 12, 9, 0, 117, 0, 6, 3, 0, 50, 0, 3, 3, 3, 4, 0, 12, 0, 0, 12, 3,
14, 0, 21, 2, 10, 0, 0, 0, 9, 0, 0, 0, 3, 12, 44, 0, 0, 1, 0, 0, 0, 28, 0, 0, 0, 2, 0, 0, 18, 23, 0, 26, 0, 3, 0, 0, 0, 12, 0, 0, 0, 0,
0, 11, 0, 0, 2, 0, 0, 0, 0, 5, 0, 6, 7, 0, 16, 0, 0, 4, 0, 0, 0, 0, 0, 3, 0, 0, 0, 0, 28, 0, 9, 4, 0),
.Dim = c(45, 12))
parasitemia_C <- 
structure(c(0, 0, 0, 0, 0, 0, 1, 0, 0, 1, 1, 0, 0, 0, 0, 1, 0, 0, 1, 0, 0, 1, 1, 1, 0, 0, 1, 0, 1, 1, 0, 1, 0, 1, 0, 0, 1, 0, 0, 0, 0,
1, 1, 0, 1, 1, 1, 0, 0, 0, 0, 0, 0, 0, 1, 1, 0, 1, 0, 0, 0, 0, 0, 0, 1, 1, 1, 0, 1, 1, 0, 0, 0, 0, 1, 1, 1, 0, 0, 1, 1, 1, 0, 0, 1, 1,
1, 0, 0, 0, 1, 1, 1, 1, 0, 0, 1, 1, 0, 1, 1, 1, 1, 1, 0, 1, 0, 0, 0, 0, 1, 0, 0, 1, 1, 1, 1, 1, 0, 0, 0, 0, 0, 1, 0, 0, 1, 0, 0, 1, 0,
0, 0, 0, 0, 0, 0, 0, 1, 0, 0, 1, 0, 0, 0, 0, 0, 0, 0, 0, 0, 0, 0, 1, 0, 0, 0, 0, 0, 1, 0, 0, 1, 0, 0, 1, 0, 0, 0, 0, 0, 0, 0, 0, 1, 0,
0, 1, 0, 0, 0, 0, 0, 0, 0, 0, 1, 0, 0, 1, 0, 0, 0, 0, 0, 0, 0, 0, 0, 0, 0, 1, 0, 0, 0, 0, 0, 0, 0, 0, 0, 0, 0, 1, 0, 0, 0, 0, 0, 0, 0,
0, 1, 0, 0, 1, 0, 0, 0, 0, 0, 0, 0, 0, 1, 0, 0, 1, 0, 0, 0, 0, 0, 1, 0, 0, 1, 0, 0, 1, 0, 0, 0, 0, 0, 1, 0, 0, 1, 0, 0, 1, 0, 0, 0, 0,
0, 1, 0, 0, 1, 0, 0, 1, 0, 0, 0, 0, 0, 0, 0, 0, 1, 0, 0, 0, 0, 0, 0, 0, 0, 1, 0, 0, 1, 0, 0, 0, 0, 0, 0, 0, 0, 0, 0, 0, 1, 0, 0, 0, 0,
0, 0, 0, 0, 0, 0, 0, 1, 0, 0, 0, 0, 0, 0, 0, 0, 1, 0, 0, 1, 0, 0, 0, 0, 0, 0, 0, 0, 0, 0, 0, 1, 0, 0, 0, 0, 0, 0, 0, 0, 0, 0, 0, 1, 0,
0, 0, 0, 0),
.Dim = c(12, 30))
parasitemia_T <- 
structure(c(1, 0, 0, 1, 1, 0, 1, 1, 1, 1, 1, 0, 1, 0, 0, 1, 1, 0, 1, 0, 0, 1, 1, 0, 1, 0, 0, 1, 0, 0, 1, 1, 0, 1, 1, 0, 1, 1, 0, 1, 0,
1, 1, 0, 0, 1, 1, 1, 0, 1, 0, 1, 1, 0, 1, 1, 0, 1, 1, 1),
.Dim = c(12, 5))
sporo_count_C <- 
structure(c(5, 8, 8, 34, 14, 13, 71, 25, 30, 125, 22, 46, 4, 1, 1, 12, 1, 1, 19, 4, 5, 25, 3, 4, 4, 0, 0, 5, 1, 1, 32, 10, 6, 43, 8, 2,
3, 0, 0, 7, 1, 2, 18, 7, 7, 25, 9, 1, 2, 1, 1, 2, 3, 3, 14, 4, 6, 16, 8, 1),
.Dim = c(12, 5))
sporo_count_T <- 
structure(c(3, 4, 5, 5, 8, 8, 11, 18, 18, 26, 37, 34, 1, 1, 0, 3, 1, 1, 5, 1, 2, 11, 3, 2, 1, 0, 0, 3, 0, 0, 6, 3, 3, 8, 4, 6, 0, 0, 0,
2, 1, 1, 2, 3, 2, 7, 7, 7, 0, 0, 0, 1, 0, 0, 1, 0, 0, 2, 3, 5),
.Dim = c(12, 5))
