bin_edge <- 
c(0, 1, 10, 100, 1000, 1002)
max_mice_C <- 30
N_bin <- 5
N_C <- 12
N_mice_C <- 
c(10, 10, 10, 30, 10, 10, 30, 10, 10, 23, 5, 5)
N_mice_T <- 5
N_ooc <- 45
N_T <- 12
ooc_count_C <- 
structure(c(0, 43, 0, 0, 4, 16, 0, 0, 0, 32, 10, 45, 0, 0, 0, 1, 0, 47, 0, 0, 0, 2, 0, 23, 55, 8, 30, 0, 55, 2, 0, 0, 0, 0, 14, 0, 0,
0, 0, 0, 59, 0, 0, 0, 0, 0, 0, 0, 0, 203, 0, 1, 0, 0, 0, 0, 0, 0, 0, 0, 0, 2, 0, 184, 0, 0, 0, 272, 0, 0, 0, 1, 0, 0, 0, 0, 0, 0, 0, 0,
0, 0, 0, 0, 0, 0, 36, 0, 0, 22, 0, 0, 0, 3, 0, 0, 0, 0, 0, 0, 82, 0, 29, 0, 0, 0, 2, 6, 0, 0, 61, 0, 0, 0, 7, 93, 0, 0, 0, 0, 0, 67, 0,
0, 0, 0, 2, 0, 0, 12, 1, 53, 0, 34, 0, 0, 0, 0, 14, 0, 0, 0, 166, 0, 2, 0, 0, 0, 0, 0, 16, 0, 43, 0, 0, 0, 0, 19, 0, 0, 0, 46, 0, 0, 0,
0, 0, 0, 0, 3, 0, 10, 9, 98, 0, 0, 1, 63, 8, 3, 0, 0, 0, 0, 0, 16, 0, 0, 0, 0, 0, 0, 222, 60, 0, 0, 0, 0, 0, 56, 0, 0, 0, 0, 0, 4, 128,
0, 1, 0, 23, 0, 0, 116, 0, 0, 0, 0, 0, 0, 0, 31, 71, 0, 0, 22, 86, 0, 0, 0, 25, 16, 6, 0, 48, 17, 0, 0, 1, 0, 0, 1, 0, 193, 0, 78, 0,
0, 0, 0, 0, 0, 0, 89, 0, 0, 0, 0, 87, 0, 0, 0, 150, 0, 0, 54, 0, 0, 64, 0, 0, 0, 88, 0, 124, 1, 7, 9, 0, 22, 116, 7, 0, 0, 26, 0, 22,
15, 0, 41, 28, 11, 5, 0, 14, 0, 0, 0, 0, 0, 0, 0, 0, 7, 6, 0, 0, 0, 0, 12, 0, 0, 3, 0, 0, 0, 67, 287, 3, 4, 0, 3, 0, 0, 0, 0, 0, 0, 0,
0, 0, 3, 7, 0, 249, 0, 2, 0, 0, 0, 0, 0, 0, 4, 0, 1, 0, 0, 0, 0, 0, 1, 2, 0, 0, 4, 0, 0, 141, 165, 12, 0, 5, 0, 0, 0, 7, 0, 0, 0, 0, 0,
0, 0, 0, 0, 0, 4, 0, 0, 0, 42, 0, 0, 0, 0, 0, 0, 0, 0, 14, 0, 185, 18, 41, 4, 0, 0, 0, 0, 5, 0, 0, 0, 0, 0, 0, 113, 80, 0, 4, 26, 78,
2, 60, 74, 5, 43, 120, 42, 169, 0, 10, 0, 9, 28, 29, 11, 6, 46, 29, 0, 65, 38, 17, 17, 39, 0, 63, 26, 40, 32, 56, 0, 0, 50, 0, 1, 112,
7, 0, 0, 0, 0, 0, 0, 0, 67, 0, 0, 0, 0, 31, 0, 0, 0, 0, 15, 0, 0, 0, 0, 4, 0, 0, 0, 0, 0, 0, 35, 0, 63, 0, 0, 0, 0, 28, 0, 0, 5, 0, 0,
33, 0, 85, 0, 0, 0, 0, 0, 0, 0, 0, 0, 0, 0, 0, 0, 0, 0, 0, 0, 0, 0, 0, 0, 0, 0, 0, 0, 0, 0, 0, 0, 0, 0, 0, 0, 0, 0, 0, 0, 0, 0, 0, 0,
0, 0, 0, 0),
.Dim = c(45, 12))
ooc_count_T <- 
structure(c(0, 0, 0, 7, 7, 0, 0, 0, 0, 0, 0, 0, 0, 0, 0, 0, 0, 0, 1, 4, 0, 5, 0, 0, 0, 0, 0, 0, 0, 0, 0, 1, 0, 0, 0, 0, 0, 1, 0, 0, 0,
0, 0, 10, 0, 0, 0, 0, 0, 0, 0, 0, 0, 0, 0, 0, 0, 0, 0, 0, 0, 0, 0, 0, 0, 0, 0, 0, 0, 0, 0, 0, 0, 0, 1, 0, 0, 0, 0, 0, 0, 1, 0, 0, 0, 0,
2, 2, 0, 0, 0, 0, 0, 0, 0, 0, 0, 0, 0, 0, 0, 0, 0, 0, 0, 0, 0, 0, 0, 0, 0, 0, 0, 0, 0, 0, 0, 0, 0, 0, 0, 0, 0, 0, 0, 0, 0, 0, 0, 0, 0,
0, 0, 0, 0, 29, 4, 12, 63, 3, 20, 6, 10, 4, 0, 43, 0, 0, 22, 0, 0, 9, 3, 29, 33, 54, 4, 5, 41, 21, 0, 25, 48, 0, 32, 70, 23, 0, 0, 51,
58, 0, 11, 0, 4, 52, 68, 28, 0, 34, 49, 0, 24, 46, 49, 0, 18, 0, 49, 49, 44, 0, 37, 42, 45, 11, 24, 23, 0, 20, 14, 44, 0, 4, 76, 27,
33, 17, 6, 43, 51, 61, 7, 0, 0, 37, 99, 66, 39, 76, 34, 10, 25, 56, 79, 22, 0, 0, 0, 0, 0, 0, 0, 0, 0, 0, 50, 0, 47, 6, 2, 0, 0, 65,
20, 0, 0, 0, 139, 0, 0, 5, 0, 13, 0, 0, 11, 0, 24, 37, 0, 0, 0, 22, 0, 23, 40, 48, 0, 124, 0, 0, 7, 1, 3, 0, 0, 0, 28, 0, 0, 57, 7, 0,
4, 0, 0, 1, 1, 49, 0, 0, 0, 11, 26, 17, 0, 0, 4, 21, 0, 0, 4, 7, 0, 0, 5, 2, 22, 0, 0, 0, 29, 5, 3, 37, 2, 23, 81, 0, 60, 16, 20, 12,
63, 10, 0, 55, 26, 69, 11, 66, 18, 38, 9, 75, 84, 39, 20, 22, 90, 34, 39, 2, 59, 23, 63, 62, 58, 29, 0, 11, 0, 15, 75, 45, 5, 20, 43,
27, 2, 54, 6, 0, 57, 102, 0, 12, 0, 0, 4, 5, 26, 4, 0, 61, 15, 0, 14, 70, 0, 100, 11, 46, 17, 4, 0, 7, 95, 41, 49, 0, 0, 59, 33, 0, 34,
65, 0, 0, 4, 30, 0, 1, 5, 0, 24, 61, 53, 23, 9, 70, 0, 4, 60, 56, 3, 0, 103, 54, 29, 5, 0, 16, 0, 93, 0, 0, 4, 4, 68, 83, 55, 69, 0,
21, 0, 66, 63, 41, 0, 1, 0, 0, 0, 34, 135, 23, 36, 4, 21, 78, 41, 87, 109, 0, 5, 5, 36, 56, 65, 4, 76, 71, 36, 105, 5, 3, 111, 28, 17,
100, 109, 82, 30, 43, 0, 4, 21, 58, 66, 42, 57, 5, 4, 0, 0, 0, 0, 83, 0, 91, 57, 0, 116, 0, 0, 0, 107, 13, 0, 0, 36, 49, 74, 15, 89,
44, 40, 4, 38, 16, 62, 111, 16, 9, 1, 3, 0, 3, 45, 27, 0, 11, 0, 5, 180, 0, 5, 0, 0, 3, 5, 0, 0, 0, 5, 0, 0, 0),
.Dim = c(45, 12))
prev_C <- 
structure(c(0, 0, 0, 0, 0, 0, 1, 0, 0, 1, 1, 0, 0, 0, 0, 1, 0, 0, 1, 0, 0, 1, 1, 1, 0, 0, 1, 0, 1, 1, 0, 1, 0, 1, 0, 0, 1, 0, 0, 0, 0,
1, 1, 0, 1, 1, 1, 0, 0, 0, 0, 0, 0, 0, 1, 1, 0, 1, 0, 0, 0, 0, 0, 0, 1, 1, 1, 0, 1, 1, 0, 0, 0, 0, 1, 1, 1, 0, 0, 1, 1, 1, 0, 0, 1, 1,
1, 0, 0, 0, 1, 1, 1, 1, 0, 0, 1, 1, 0, 1, 1, 1, 1, 1, 0, 1, 0, 0, 0, 0, 1, 0, 0, 1, 1, 1, 1, 1, 0, 0, 0, 0, 0, 1, 0, 0, 1, 0, 0, 1, 0,
0, 0, 0, 0, 0, 0, 0, 1, 0, 0, 1, 0, 0, 0, 0, 0, 0, 0, 0, 0, 0, 0, 1, 0, 0, 0, 0, 0, 1, 0, 0, 1, 0, 0, 1, 0, 0, 0, 0, 0, 0, 0, 0, 1, 0,
0, 1, 0, 0, 0, 0, 0, 0, 0, 0, 1, 0, 0, 1, 0, 0, 0, 0, 0, 0, 0, 0, 0, 0, 0, 1, 0, 0, 0, 0, 0, 0, 0, 0, 0, 0, 0, 1, 0, 0, 0, 0, 0, 0, 0,
0, 1, 0, 0, 1, 0, 0, 0, 0, 0, 0, 0, 0, 1, 0, 0, 1, 0, 0, 0, 0, 0, 1, 0, 0, 1, 0, 0, 1, 0, 0, 0, 0, 0, 1, 0, 0, 1, 0, 0, 1, 0, 0, 0, 0,
0, 1, 0, 0, 1, 0, 0, 1, 0, 0, 0, 0, 0, 0, 0, 0, 1, 0, 0, 0, 0, 0, 0, 0, 0, 1, 0, 0, 1, 0, 0, 0, 0, 0, 0, 0, 0, 0, 0, 0, 1, 0, 0, 0, 0,
0, 0, 0, 0, 0, 0, 0, 1, 0, 0, 0, 0, 0, 0, 0, 0, 1, 0, 0, 1, 0, 0, 0, 0, 0, 0, 0, 0, 0, 0, 0, 1, 0, 0, 0, 0, 0, 0, 0, 0, 0, 0, 0, 1, 0,
0, 0, 0, 0),
.Dim = c(12, 30))
prev_T <- 
structure(c(0, 0, 0, 1, 1, 1, 1, 1, 1, 1, 1, 1, 1, 0, 0, 1, 1, 1, 1, 1, 1, 1, 1, 1, 1, 0, 0, 1, 1, 1, 1, 1, 1, 1, 1, 1, 0, 0, 0, 1, 1,
1, 0, 1, 1, 1, 1, 1, 0, 0, 1, 1, 1, 1, 1, 1, 1, 1, 1, 1),
.Dim = c(12, 5))
sporo_count_C <- 
structure(c(5, 8, 8, 34, 14, 13, 71, 25, 30, 125, 22, 46, 4, 1, 1, 12, 1, 1, 19, 4, 5, 25, 3, 4, 4, 0, 0, 5, 1, 1, 32, 10, 6, 43, 8, 2,
3, 0, 0, 7, 1, 2, 18, 7, 7, 25, 9, 1, 2, 1, 1, 2, 3, 3, 14, 4, 6, 16, 8, 1),
.Dim = c(12, 5))
sporo_count_T <- 
structure(c(3, 5, 5, 3, 1, 5, 13, 8, 7, 24, 17, 21, 0, 0, 0, 1, 2, 1, 2, 1, 3, 2, 6, 8, 1, 0, 0, 1, 1, 2, 9, 8, 3, 12, 17, 8, 1, 0, 0,
4, 4, 2, 1, 4, 9, 5, 9, 7, 0, 0, 0, 1, 2, 0, 0, 4, 3, 7, 5, 6),
.Dim = c(12, 5))
