bin_edge <- 
c(0, 1, 10, 100, 1000, 1002)
N_bin <- 5
N_C <- 12
N_mice <- 5
N_ooc <- 45
N_T <- 12
ooc_count_C <- 
structure(c(0, 0, 2, 0, 0, 1, 0, 2, 0, 0, 4, 53, 0, 0, 0, 0, 3, 0, 0, 1, 0, 43, 45, 30, 0, 0, 0, 0, 3, 0, 0, 1, 0, 63, 0,
0, 2, 0, 0, 0, 0, 3, 0, 0, 0, 0, 203, 0, 0, 0, 0, 0, 3, 0, 1, 0, 0, 0, 0, 0, 181, 0, 0, 0, 0, 0, 0, 0, 0, 0, 0, 272, 0, 0,
2, 0, 0, 0, 0, 0, 0, 0, 0, 0, 0, 0, 0, 0, 0, 0, 0, 2, 0, 61, 0, 0, 0, 0, 0, 0, 0, 82, 0, 53, 1, 0, 0, 0, 0, 0, 0, 106, 0,
0, 0, 0, 0, 0, 0, 0, 0, 0, 0, 93, 0, 0, 0, 29, 163, 164, 0, 0, 0, 0, 0, 32, 0, 0, 9, 3, 0, 0, 15, 0, 0, 14, 0, 2, 0, 0,
10, 63, 0, 0, 0, 0, 0, 3, 3, 0, 3, 0, 10, 0, 0, 0, 0, 16, 0, 0, 0, 0, 0, 0, 0, 0, 0, 98, 19, 8, 0, 0, 0, 0, 0, 119, 0, 65,
0, 0, 0, 0, 222, 1, 0, 0, 0, 0, 0, 0, 0, 0, 0, 124, 0, 4, 0, 31, 0, 0, 0, 0, 0, 0, 1, 0, 0, 0, 4, 0, 2, 56, 16, 0, 71, 0,
0, 0, 0, 150, 0, 0, 25, 4, 0, 1, 0, 64, 0, 89, 22, 0, 78, 0, 78, 16, 0, 0, 0, 86, 143, 0, 0, 0, 0, 86, 0, 163, 50, 0, 0,
0, 0, 0, 7, 122, 0, 0, 0, 0, 0, 0, 0, 5, 0, 0, 0, 26, 0, 17, 9, 47, 67, 6, 90, 7, 0, 7, 88, 0, 11, 116, 163, 0, 11, 10,
39, 18, 28, 78, 0, 0, 0, 0, 0, 41, 29, 0, 7, 0, 124, 139, 26, 88, 0, 0, 287, 4, 0, 0, 0, 0, 14, 0, 38, 1, 0, 0, 216, 0, 0,
127, 0, 0, 0, 0, 0, 0, 0, 2, 1, 0, 249, 165, 1, 56, 0, 0, 0, 0, 0, 5, 0, 0, 0, 176, 1, 0, 0, 3, 0, 0, 0, 0, 0, 0, 0, 0, 7,
0, 15, 0, 28, 0, 0, 88, 0, 42, 0, 0, 0, 0, 0, 0, 0, 0, 0, 1, 0, 0, 0, 1, 0, 18, 0, 41, 0, 0, 0, 0, 0, 2, 0, 5, 14, 76, 7,
85, 17, 26, 113, 120, 56, 1, 39, 0, 43, 42, 0, 74, 0, 0, 80, 17, 29, 0, 2, 46, 4, 6, 5, 9, 65, 63, 28, 60, 0, 78, 50, 112,
169, 29, 0, 26, 10, 38, 0, 32, 0, 11, 0, 0, 0, 4, 0, 67, 0, 0, 0, 0, 0, 15, 0, 0, 31, 35, 0, 0, 0, 33, 0, 0, 0, 0, 0, 0,
0, 0, 0, 0, 0, 63, 5, 28, 0, 0, 0, 0, 0, 0, 0, 0, 0, 0, 0, 0, 0, 0, 0, 0, 0, 0, 0, 0, 0, 0, 0, 0, 0, 0, 0, 0, 0, 0, 0, 0,
0, 0, 0, 0, 0, 0, 0, 0, 0, 0, 0, 0, 0, 0, 0, 0, 0, 0, 0, 0, 0, 0, 0, 0),
.Dim = c(45, 12))
ooc_count_T <- 
structure(c(0, 139, 0, 0, 0, 0, 0, 0, 0, 0, 0, 0, 0, 0, 0, 0, 0, 0, 0, 0, 74, 0, 0, 167, 0, 0, 0, 0, 0, 0, 0, 0, 0, 0, 0,
0, 122, 0, 0, 0, 0, 0, 0, 0, 0, 0, 0, 0, 49, 0, 0, 2, 0, 0, 0, 0, 71, 0, 0, 0, 0, 0, 0, 0, 107, 0, 0, 0, 0, 0, 0, 0, 0, 0,
0, 0, 0, 0, 0, 0, 0, 0, 0, 0, 0, 0, 0, 31, 0, 0, 0, 0, 0, 0, 0, 0, 0, 0, 0, 0, 0, 0, 0, 0, 0, 0, 0, 0, 0, 0, 0, 0, 0, 0,
0, 0, 0, 0, 0, 0, 0, 0, 0, 0, 0, 0, 0, 0, 0, 0, 0, 0, 0, 0, 0, 0, 0, 0, 0, 0, 0, 0, 0, 0, 0, 0, 0, 0, 0, 0, 0, 0, 0, 0, 0,
0, 0, 0, 0, 0, 0, 0, 0, 0, 0, 0, 0, 0, 0, 0, 0, 0, 0, 0, 0, 0, 0, 0, 0, 0, 0, 0, 0, 0, 0, 0, 0, 0, 0, 0, 0, 0, 0, 0, 0, 0,
0, 0, 0, 0, 0, 0, 0, 0, 0, 0, 0, 0, 0, 0, 0, 0, 0, 0, 0, 0, 0, 0, 0, 0, 0, 0, 0, 0, 0, 0, 0, 0, 0, 0, 0, 0, 0, 0, 0, 0, 0,
0, 0, 0, 0, 0, 0, 0, 0, 0, 0, 0, 0, 0, 0, 0, 0, 0, 0, 0, 0, 0, 0, 0, 0, 0, 0, 0, 0, 0, 0, 0, 0, 0, 0, 48, 0, 0, 0, 0, 0,
0, 0, 0, 0, 0, 138, 0, 0, 0, 0, 0, 0, 0, 104, 0, 0, 0, 0, 0, 0, 0, 0, 0, 0, 0, 0, 0, 0, 108, 115, 0, 0, 0, 0, 78, 0, 0, 0,
5, 96, 2, 224, 101, 73, 0, 0, 56, 0, 144, 57, 0, 30, 68, 11, 94, 198, 0, 68, 14, 0, 100, 18, 0, 259, 47, 23, 24, 79, 33,
15, 0, 114, 66, 135, 0, 28, 0, 11, 223, 0, 53, 100, 37, 27, 28, 35, 59, 0, 0, 151, 10, 3, 12, 76, 28, 42, 103, 44, 2, 27,
62, 80, 43, 24, 11, 33, 48, 56, 0, 62, 55, 6, 46, 21, 51, 99, 112, 36, 56, 56, 83, 31, 41, 48, 66, 91, 49, 31, 69, 0, 0,
20, 0, 0, 0, 94, 0, 126, 0, 60, 224, 0, 0, 0, 0, 0, 15, 168, 140, 0, 0, 75, 0, 0, 45, 0, 0, 107, 0, 8, 0, 0, 0, 47, 135,
0, 54, 0, 0, 62, 0, 0, 113, 0, 0, 0, 8, 28, 69, 9, 51, 0, 0, 54, 0, 151, 199, 137, 65, 14, 33, 25, 0, 0, 142, 149, 58,
124, 0, 68, 38, 74, 55, 3, 133, 114, 159, 0, 0, 109, 38, 141, 37, 9, 26, 0, 155, 79, 36, 84, 37, 164, 68, 47, 43, 53, 29,
1, 4, 94, 79, 107, 49, 42, 18, 32, 101, 62, 83, 76, 44, 48, 71, 27, 103, 22, 38, 53, 61, 21, 47, 86, 32, 45, 41, 15, 36,
49, 9, 64, 19, 43, 131),
.Dim = c(45, 12))
prev_C <- 
structure(c(1, 1, 0, 0, 0, 0, 0, 0, 1, 0, 0, 0, 1, 1, 1, 1, 0, 1, 0, 0, 0, 1, 1, 0, 0, 1, 0, 0, 1, 0, 1, 1, 1, 1, 0, 1, 1,
0, 1, 1, 0, 1, 1, 0, 0, 1, 1, 1, 1, 1, 1, 0, 1, 1, 0, 0, 0, 0, 1, 0),
.Dim = c(5, 12))
prev_T <- 
structure(c(1, 0, 0, 0, 0, 0, 0, 0, 1, 0, 0, 1, 0, 0, 0, 0, 0, 0, 0, 0, 0, 0, 0, 0, 0, 0, 0, 0, 0, 0, 0, 0, 1, 0, 0, 1, 1,
1, 1, 0, 1, 1, 1, 1, 1, 0, 1, 1, 0, 1, 1, 1, 1, 0, 1, 1, 1, 1, 1, 1),
.Dim = c(5, 12))
s_count_C <- 
structure(c(5, 8, 8, 34, 14, 13, 71, 25, 30, 125, 22, 46, 4, 1, 1, 12, 1, 1, 19, 4, 5, 25, 3, 4, 4, 0, 0, 5, 1, 1, 32, 10,
6, 43, 8, 2, 3, 0, 0, 7, 1, 2, 18, 7, 7, 25, 9, 1, 2, 1, 1, 2, 3, 3, 14, 4, 6, 16, 8, 1),
.Dim = c(12, 5))
s_count_T <- 
structure(c(3, 4, 4, 5, 10, 10, 18, 18, 10, 30, 21, 15, 1, 0, 0, 2, 0, 0, 5, 0, 1, 6, 2, 3, 0, 1, 0, 3, 0, 0, 4, 1, 3, 9,
9, 14, 1, 0, 1, 0, 0, 0, 6, 4, 9, 7, 12, 12, 0, 0, 0, 0, 0, 0, 4, 2, 2, 2, 6, 10),
.Dim = c(12, 5))
